
! Data file for `tsp.mos'
! data rigged to demonstrate violated sub-tour

N_COUNTIES: 70
TOWN_NAMES: ['Portstewart, Coleraine, Londonderry' 'Midleton Town, Cork' 'Tramore, Waterford' 'Shannon, Clare' 'Magherafelt, Londonderry' 'Portmarnock, Fingal' 'Ballyclare, Newtownabbey, Antrim' 'Comber, Ards, Down' 'Mallow Town, Cork' 'Enniscorthy Town, Wexford' 'Ballymoney, Antrim' 'Skerries, Fingal' 'Wicklow Town, Wicklow' 'Ballina, Mayo' 'Cobh Town, Cork' 'Arklow Town, Wicklow' 'Maynooth, Kildare' 'Cahersiveen, Kerry' 'Balbriggan, Fingal, Dublin' 'Downpatrick, Down' 'Cookstown, Tyrone' 'Tullamore Town, Offaly' 'Dungannon, Tyrone' 'Carrigaline, Cork' 'Castlebar Town, Mayo' 'Greystones, Wicklow' 'Holywood, North Down' 'Limavady, Londonderry' 'Strabane, Tyrone' 'Enniskillen, Fermanagh' 'Malahide, Fingal' 'Armagh' 'Banbridge, Down' 'Leixlip, Kildare' 'Letterkenny Town, Donegal' 'Mullingar, Westmeath' 'Athlone Town, Westmeath' 'Celbridge, Kildare' 'Clonmel Borough, Tipperary South' 'Wexford Borough, Wexford' 'Larne, Antrim' 'Naas Town, Kildare' 'Carlow Town, Carlow' 'Navan (An Uaimh) Town, Meath' 'Sligo Borough, Sligo' 'Omagh, Tyrone' 'Antrim' 'Kilkenny Borough, Kilkenny' 'Tralee Town, Kerry' 'Ennis Town, Clare' 'Coleraine, Londonderry' 'Killarney Town, Kerry' 'Swords, Fingal' 'Carrickfergus, Antrim' 'Newry Newry and Mourne, Armagh Down' 'Newtownards, Down' 'Ballymena Ballymenantrim' 'Bray, Wicklow' 'Drogheda Borough, Louth' 'Dundalk Town, Louth' 'Waterford City, Waterford' 'Bangor, North Down' 'Newtownabbey, Antrim' 'Lisburn, Antrim Down' 'Galway City, Galway' 'Derry, Londonderry' 'Limerick City, Limerick' 'Cork City, Cork' 'Belfast, Antrim Down' 'Dublin, Dublin']
DIST_MATRIX: [
0.0 376.1218 337.4024 308.9735 48.4535 199.3667 73.5886 94.1289 361.8763 298.3835 18.1194 182.8032 249.0339 196.8496 385.1123 267.9795 200.8105 427.696 178.798 114.9616 60.5951 218.2985 75.4774 390.3627 222.2328 230.213 82.8439 42.3573 62.1061 110.5132 196.3753 93.0584 97.4403 203.1198 69.6238 188.9011 211.353 205.5729 321.4165 317.1401 67.652 218.5389 261.569 171.1139 151.5512 75.6433 61.283 283.5584 378.6361 299.2673 6.8929 392.9783 195.0528 78.3766 114.7512 93.0685 45.293 224.1787 165.0567 133.63 326.3482 89.2297 73.5886 87.6062 261.5867 43.1484 306.6023 383.7803 61.0468 206.2847
376.1218 0.0 75.1481 100.6507 332.3229 217.0549 341.0161 334.4278 41.305 127.0768 367.3764 231.4402 186.585 253.2037 10.9643 168.2044 194.7529 140.3941 230.9637 314.3326 317.5838 158.0572 303.0355 18.4495 228.2489 197.0937 339.4646 347.8607 327.107 272.3753 218.4326 289.0213 298.7473 197.0171 339.2294 187.6876 168.4809 192.9814 58.4912 125.7095 362.2037 177.5253 132.513 216.5965 263.2876 303.6497 337.8971 103.6186 111.5625 117.5404 371.2218 92.5655 215.9608 348.4504 279.5819 340.0563 351.0561 199.5814 234.5403 259.9785 82.0588 346.72 341.0161 319.6424 162.0941 347.2503 89.3483 21.5935 337.3817 205.1205
337.4024 75.1481 0.0 131.8538 290.4657 156.2378 291.218 281.3144 102.6221 54.5372 325.9379 172.4736 117.7157 254.9349 85.6137 97.3778 140.6405 211.2112 173.3689 259.0096 276.9336 125.9509 262.0227 93.1822 236.3383 131.33 288.0436 315.7251 296.9797 244.6267 158.2314 245.4632 249.9809 140.7788 312.9169 152.1587 150.0336 137.2492 43.0648 50.5784 312.1634 122.2347 76.4164 167.8571 251.0691 270.941 291.0205 55.1338 174.0779 145.9121 331.7065 161.1168 156.796 297.2142 230.3527 286.7467 305.8987 135.0337 180.8198 210.0248 11.2005 293.6992 291.218 269.4434 177.9685 315.2343 115.0981 96.0222 290.6357 144.9588
308.9735 100.6507 131.8538 0.0 271.4577 199.4481 290.9434 290.0933 65.4369 156.9568 304.0345 207.9984 192.1455 156.9654 103.5696 182.7082 169.5417 124.8904 205.0593 275.2231 256.0973 111.4905 243.0882 104.6643 129.9204 193.3089 292.04 274.4506 252.5882 198.9639 199.4049 233.709 250.1946 174.8994 260.2305 136.5615 100.6286 170.8945 88.812 168.1746 311.2577 158.5492 131.0684 178.3007 175.7844 233.4093 283.6447 109.8801 74.3859 16.8925 305.2697 84.212 195.3977 300.1705 233.517 295.678 293.5647 192.6861 201.3137 217.1893 129.4903 301.4407 290.9434 271.6487 63.2226 273.7396 17.0688 94.364 282.9721 188.4096
48.4535 332.3229 290.4657 271.4577 0.0 150.9958 42.0279 59.9309 320.697 250.2933 35.4924 134.5438 200.6211 179.3366 341.6674 219.5267 152.6988 393.2994 130.4402 74.5388 15.3614 174.3102 29.3008 347.2347 200.4898 181.8105 50.7317 51.9348 55.3816 80.271 147.9939 45.1086 50.1507 154.8252 75.4114 144.6515 171.5622 157.3603 276.4769 268.9208 51.5078 170.5886 214.3055 123.2926 131.7197 48.3862 26.0156 237.2241 343.3568 263.3414 42.0727 355.6465 146.6189 51.6417 66.4967 61.5422 24.2851 175.7653 116.6032 85.1788 279.3499 61.1196 42.0279 45.7054 229.7362 52.2018 267.3655 341.2052 25.2592 157.8314
199.3667 217.0549 156.2378 199.4481 150.9958 0.0 140.4047 127.516 221.7513 106.6798 184.4948 17.2894 49.7653 212.8158 227.8238 69.8027 30.8865 320.6251 20.5759 103.9941 140.9429 91.8556 127.2764 234.8389 213.3258 30.9206 135.617 190.8067 178.2769 141.6386 3.069 108.2747 102.9843 24.7208 199.4227 80.5712 119.7891 28.5999 158.8928 123.009 160.4098 41.7854 84.5483 44.7033 180.4347 151.2757 143.8722 113.4936 271.6211 200.9992 192.8122 272.9335 6.7269 144.7035 84.6601 132.6719 160.2772 25.0076 35.5262 66.1109 145.2908 139.7132 140.4047 119.1167 194.7886 190.5914 186.949 232.4558 143.6884 11.9882
73.5886 341.0161 291.218 290.9434 42.0279 140.4047 0.0 20.5603 334.3068 245.7868 55.5132 123.1173 189.4809 215.8817 350.9817 210.1508 150.5778 415.0426 120.512 42.7478 50.3569 185.7965 55.2765 357.1138 234.5443 170.8714 9.4699 92.3167 97.3982 114.0309 137.7009 57.9381 42.2874 150.7972 117.2248 156.8599 190.4185 154.1303 283.3404 263.034 21.1919 168.9865 215.0875 124.8129 168.3788 87.0665 16.045 240.9238 364.5745 284.8534 66.8654 374.3255 137.6416 10.6376 61.5235 20.3318 28.4545 165.2297 110.5946 81.5578 280.0209 19.0921 0.0 21.7752 255.9913 92.7044 284.6444 352.1859 16.7785 149.6557
94.1289 334.4278 281.3144 290.0933 59.9309 127.516 20.5603 0.0 330.1446 233.975 76.0371 110.3382 175.5269 226.1247 344.6376 196.6745 141.2062 414.8058 108.4912 24.7129 65.0921 182.083 66.0213 351.0095 242.8355 157.2519 11.3602 111.4388 114.5354 123.9936 125.0083 62.6868 40.6477 140.5548 135.2466 154.1393 190.3516 144.1678 276.253 250.5204 34.5186 159.4362 205.883 117.9701 179.1592 100.896 35.1333 232.7479 364.245 285.1443 87.4195 372.5789 125.5273 18.5569 56.6934 5.6676 49.0084 151.867 100.7912 74.8674 270.1579 12.3954 20.5603 20.8747 259.1912 111.7727 282.6772 346.6361 35.7035 137.6005
361.8763 41.305 102.6221 65.4369 320.697 221.7513 334.3068 330.1446 0.0 147.0306 354.8788 234.1591 199.5454 222.1067 40.4268 184.0088 195.6568 109.1866 232.6703 312.0463 305.5352 148.5114 291.5345 39.9454 195.3489 206.7073 333.8968 330.381 308.9375 254.2654 222.5951 279.4211 292.2288 199.2594 318.8513 177.6385 150.6215 195.0912 69.1725 150.6795 355.299 180.2766 139.8191 212.8319 237.8393 287.3778 329.3096 111.3843 72.7366 81.9208 357.5174 58.719 219.4335 342.5961 273.8632 335.8121 341.1292 208.0376 233.3354 255.3224 105.9973 342.1528 334.3068 313.6184 128.6384 329.7167 58.8115 29.2416 328.7193 209.8205
298.3835 127.0768 54.5372 156.9568 250.2933 106.6798 245.7868 233.975 147.0306 0.0 285.323 123.693 63.88 247.9198 137.923 42.9679 97.5958 255.851 125.5571 210.6619 237.933 105.722 223.1925 145.4908 235.0605 79.0636 241.6451 281.6675 264.8511 216.2244 109.0554 205.3349 206.0681 95.8091 283.0431 124.6456 137.3038 93.0161 78.1326 19.9022 266.2658 79.938 44.3346 127.3935 233.9691 237.7931 247.475 48.3836 213.6319 167.2119 292.2618 205.285 108.4643 250.7927 186.6579 239.2105 263.202 83.5021 135.6279 166.4831 45.4117 246.242 245.7868 224.1447 187.1017 281.2726 140.1297 146.7047 247.1831 96.3887
18.1194 367.3764 325.9379 304.0345 35.4924 184.4948 55.5132 76.0371 354.8788 285.323 0.0 167.6818 234.2549 200.2699 376.6248 253.6439 187.7748 424.5095 163.9287 97.1796 49.8005 209.3195 64.4901 382.1001 224.1751 215.4098 64.7386 50.3579 66.1378 107.875 181.5453 80.5041 81.7566 189.6596 78.5774 179.6989 204.9771 192.3171 311.7854 303.7894 50.1734 205.7803 249.7416 158.6005 153.6903 73.0293 43.7465 272.711 374.9545 295.1483 11.6292 388.2302 180.4747 60.3064 99.9021 74.9502 27.3641 209.4341 150.822 119.4028 314.8164 71.1736 55.5132 70.3002 259.3717 51.0523 300.709 375.8931 43.5834 191.9392
182.8032 231.4402 172.4736 207.9984 134.5438 17.2894 123.1173 110.3382 234.1591 123.693 167.6818 0.0 66.7777 208.3835 242.1127 87.0642 38.918 330.6906 5.7854 87.0084 125.0086 97.7969 111.7009 249.0028 211.3128 47.9805 118.3478 175.7509 164.1846 130.8259 14.6731 92.6565 86.023 34.9106 185.7223 81.4432 122.3823 39.0734 173.0389 140.2322 143.1306 54.176 99.2972 39.5118 173.1724 137.5269 126.7346 127.8545 281.1504 208.2795 176.1956 283.8175 15.7154 127.4429 68.0615 115.5345 143.2053 42.1891 22.1972 50.3416 161.4441 122.5709 123.1173 101.8522 198.2574 175.5719 196.4021 246.1685 126.5649 27.5533
249.0339 186.585 117.7157 192.1455 200.6211 49.7653 189.4809 175.5269 199.5454 63.88 234.2549 66.7777 0.0 240.9245 197.5493 21.7699 57.521 305.1079 70.3263 151.3465 190.2011 102.0009 176.2489 204.9744 235.715 18.8454 184.2195 238.9932 225.2301 184.0017 52.7102 157.3602 152.7346 51.8831 245.6819 105.1895 135.4702 51.72 131.5232 76.9194 209.08 48.9075 61.7346 85.7658 215.4055 197.9426 193.5085 88.4003 258.8343 197.8287 242.5079 255.313 54.0476 193.2002 134.3929 180.4538 209.9788 24.8559 84.3078 115.5253 107.6789 187.4863 189.4809 168.4422 203.4005 238.7328 177.0742 204.6003 193.3416 43.449
196.8496 253.2037 254.9349 156.9654 179.3366 212.8158 215.8817 226.1247 222.1067 247.9198 200.2699 208.3835 240.9245 0.0 258.1554 246.3458 187.1137 251.1295 202.7871 224.69 166.6381 143.7099 160.86 260.3205 30.1628 229.308 221.7942 154.9321 134.9119 102.1784 210.624 164.6096 189.1425 194.017 130.851 135.9732 110.7133 192.3678 218.3893 266.6189 230.3232 192.0192 204.3314 169.2103 47.6561 130.9701 202.0848 205.854 208.0595 141.2823 196.0929 229.55 206.1497 226.5155 183.177 230.3407 203.4139 224.6964 188.542 179.7814 247.0867 233.1557 215.8817 205.3584 94.0553 154.1287 164.5037 250.5023 201.2563 208.404
385.1123 10.9643 85.6137 103.5696 341.6674 227.8238 350.9817 344.6376 40.4268 137.923 376.6248 242.1127 197.5493 258.1554 0.0 179.145 205.2599 132.5468 241.5719 324.7085 326.8545 167.3575 312.3689 7.586 232.5273 208.0252 349.5504 356.282 335.3816 280.5925 229.1753 298.5953 308.6994 207.6218 347.0849 197.0201 176.4839 203.5716 69.0833 136.1912 372.162 188.1347 143.2994 226.7341 269.893 312.2387 347.6436 114.3484 106.8225 120.4112 380.2927 86.0849 226.6633 358.5126 289.6016 350.2735 360.6451 210.4854 244.9355 270.0867 92.8073 356.9104 350.9817 329.6659 166.0118 355.6613 93.6986 14.1542 347.1187 215.879
267.9795 168.2044 97.3778 182.7082 219.5267 69.8027 210.1508 196.6745 184.0088 42.9679 253.6439 87.0642 21.7699 246.3458 179.145 0.0 70.9695 291.2035 90.093 172.6459 208.4989 103.7212 194.2447 186.651 238.5165 39.4226 205.1486 255.961 241.2066 197.3484 72.5932 175.5684 172.5132 66.6598 261.0443 112.7405 137.6637 65.3385 115.0941 55.1527 229.989 57.646 52.1738 100.9178 224.4917 213.8516 213.5873 74.7331 246.3061 190.0263 261.5518 240.9628 73.2349 214.181 153.7721 201.6742 229.8976 44.9257 102.9276 134.3704 87.7783 208.7148 210.1508 188.9152 200.5619 255.6591 166.8591 186.962 213.3868 61.7184
200.8105 194.7529 140.6405 169.5417 152.6988 30.8865 150.5778 141.2062 195.6568 97.5958 187.7748 38.918 57.521 187.1137 205.2599 70.9695 0.0 291.8278 37.0175 119.928 140.4297 60.9752 125.7584 211.9683 185.3323 42.7316 147.5221 185.7884 170.4301 126.8157 30.2608 107.7532 109.5497 7.0251 190.0946 51.9331 89.4869 5.8047 136.269 116.3759 171.534 18.4138 64.7016 30.3384 158.6432 143.084 150.8137 91.8384 242.3886 170.5134 194.6696 244.9027 25.9955 156.6821 89.9463 146.7295 166.1537 37.7053 40.4151 69.6091 129.4439 153.5995 150.5778 128.803 164.0468 185.451 157.628 208.6238 150.4691 22.2608
427.696 140.3941 211.2112 124.8904 393.2994 320.6251 415.0426 414.8058 109.1866 255.851 424.5095 330.6906 305.1079 251.1295 132.5468 291.2035 291.8278 0.0 328.1846 400.1119 377.9802 235.856 365.6313 126.3111 220.9668 310.0085 416.4725 390.4105 368.4399 317.2505 320.9396 357.4359 374.7272 296.6098 372.5186 261.4511 224.7016 292.49 177.7257 259.8487 435.0826 278.9381 243.7596 302.8087 283.7336 352.2586 407.0627 216.9182 50.5625 130.2824 424.6189 50.5729 317.2188 424.4606 358.3063 420.3705 416.1082 310.4636 325.5124 342.079 215.1223 426.0434 415.0426 396.1225 166.6643 389.6536 134.4648 119.0101 406.3637 309.0851
178.798 230.9637 173.3689 205.0593 130.4402 20.5759 120.512 108.4912 232.6703 125.5571 163.9287 5.7854 70.3263 202.7871 241.5719 90.093 37.0175 328.1846 0.0 85.6658 120.5428 94.344 107.0352 248.3856 205.9871 51.4813 116.1067 170.8803 158.9974 125.1112 17.6174 88.0013 82.4806 33.9501 180.4426 76.8406 117.9889 38.0174 172.4933 142.5327 140.7867 53.4391 99.2945 34.1837 167.4079 132.2413 123.4947 127.5242 278.4791 204.943 172.2387 281.6478 17.1362 125.246 64.0843 113.7923 139.8267 45.5179 16.5487 45.722 162.2792 120.8053 120.512 99.0531 193.9338 170.6872 193.7834 245.307 123.2941 29.1895
114.9616 314.3326 259.0096 275.2231 74.5388 103.9941 42.7478 24.7129 312.0463 210.6619 97.1796 87.0084 151.3465 224.69 324.7085 172.6459 119.928 400.1119 85.6658 0.0 74.9664 165.2454 70.8388 331.254 238.6644 133.2476 35.0006 126.2379 125.4543 124.1328 101.6128 60.7556 36.0104 118.6329 147.3211 138.6618 177.0653 122.416 255.9318 226.8317 59.1998 137.8566 184.274 99.2246 179.0716 107.219 53.7659 211.7652 349.5983 271.448 108.1016 356.5405 102.4738 43.1766 44.0461 29.2207 69.826 127.9943 79.7987 58.0359 247.9024 36.2097 42.7478 28.8359 248.7794 126.4455 266.7584 327.3324 54.0739 114.4959
60.5951 317.5838 276.9336 256.0973 15.3614 140.9429 50.3569 65.0921 305.5352 237.933 49.8005 125.0086 190.2011 166.6381 326.8545 208.4989 140.4297 377.9802 120.5428 74.9664 0.0 159.529 14.9109 332.3609 186.8471 171.4954 57.7665 53.4338 50.5253 66.1434 137.8994 32.9319 44.6788 142.9832 72.3771 129.9012 156.2391 145.2999 262.0258 256.8048 63.7445 158.0346 201.0022 110.5824 118.9899 36.718 35.5728 223.3242 328.0165 247.9959 54.7741 340.2876 136.1731 60.7972 57.801 67.8734 38.7658 165.3964 105.8954 74.8369 265.8578 68.9318 50.3569 47.2063 214.6385 53.4721 252.0472 326.2332 34.7431 147.015
218.2985 158.0572 125.9509 111.4905 174.3102 91.8556 185.7965 182.083 148.5114 105.722 209.3195 97.7969 102.0009 143.7099 167.3575 103.7212 60.9752 235.856 94.344 165.2454 159.529 0.0 145.0125 172.9715 134.8043 95.142 185.4721 192.1852 172.4619 119.0603 91.1806 131.5491 143.7343 67.3236 187.3828 29.6668 33.9465 63.8081 103.4147 125.1652 206.8039 55.7944 61.4427 66.9574 128.6052 147.4175 181.1204 71.0272 185.6143 110.6115 213.2761 191.3343 86.795 194.1219 125.5512 187.743 193.5586 92.3054 89.8232 107.5984 115.8292 193.9513 185.7965 165.1534 103.8853 191.6339 101.7233 167.2222 180.5544 82.2797
75.4774 303.0355 262.0227 243.0882 29.3008 127.2764 55.2765 66.0213 291.5345 223.1925 64.4901 111.7009 176.2489 160.86 312.3689 194.2447 125.7584 365.6313 107.0352 70.8388 14.9109 145.0125 0.0 317.934 179.286 157.623 60.9426 64.5306 57.0989 58.8051 124.2182 19.0444 36.6641 128.4585 79.5358 115.3564 142.8485 130.6936 247.2979 242.1277 71.978 143.2703 186.1007 95.8084 113.5368 36.3802 42.9917 208.4366 315.4971 235.4544 69.6849 327.2043 122.3047 65.9005 45.9254 69.819 50.5119 151.5066 91.985 61.3613 250.947 72.3115 55.2765 45.9082 203.4626 64.4316 238.5806 311.9185 42.2029 132.933
390.3627 18.4495 93.1822 104.6643 347.2347 234.8389 357.1138 351.0095 39.9454 145.4908 382.1001 249.0028 204.9744 260.3205 7.586 186.651 211.9683 126.3111 248.3856 331.254 332.3609 172.9715 317.934 0.0 234.2294 215.3104 355.7988 361.0622 340.0482 285.2356 236.1555 304.3772 314.8264 214.4383 351.4089 202.6365 181.0417 210.3725 75.9792 143.7578 378.2839 194.9617 150.3554 233.0605 273.2823 317.1719 353.5709 121.3453 102.6427 121.3803 385.6132 80.8492 233.5926 364.7365 295.7971 356.652 366.426 217.7122 251.515 276.3721 100.391 363.2612 357.1138 335.8571 167.5673 360.4331 95.8586 10.9268 353.0373 222.8819
222.2328 228.2489 236.3383 129.9204 200.4898 213.3258 234.5443 242.8355 195.3489 235.0605 224.1751 211.3128 235.715 30.1628 232.5273 238.5165 185.3323 220.9668 205.9871 238.6644 186.8471 134.8043 179.286 234.2294 0.0 226.0932 239.6451 180.9761 160.1391 120.8275 211.4609 180.289 204.1035 192.3547 158.305 133.4053 100.8578 190.1272 197.6763 252.914 250.4535 187.3518 192.8377 171.8165 70.6961 152.7076 221.6999 190.4002 178.1248 113.7119 220.9303 200.0025 206.8579 245.1511 195.5964 247.4277 224.7676 222.0591 193.1774 189.2305 229.3238 250.889 234.5443 221.9619 66.7149 180.1749 138.9523 224.1346 220.8814 207.3657
230.213 197.0937 131.33 193.3089 181.8105 30.9206 170.8714 157.2519 206.7073 79.0636 215.4098 47.9805 18.8454 229.308 208.0252 39.4226 42.7316 310.0085 51.4813 133.2476 171.4954 95.142 157.623 215.3104 226.0932 0.0 165.7614 220.631 207.2526 167.4135 33.8662 138.6948 133.8972 36.2583 227.9427 93.4314 127.3645 37.169 140.3331 93.8798 190.6103 39.4276 66.9009 68.8127 201.3386 180.0309 174.7131 95.5384 262.5116 197.4314 223.6788 260.8842 35.3267 174.7808 115.5525 162.2557 191.1607 6.1305 65.6399 96.7565 120.8021 169.297 170.8714 149.7466 198.5904 220.3849 179.1262 214.1035 174.5403 25.3404
82.8439 339.4646 288.0436 292.04 50.7317 135.617 9.4699 11.3602 333.8968 241.6451 64.7386 118.3478 184.2195 221.7942 349.5504 205.1486 147.5221 416.4725 116.1067 35.0006 57.7665 185.4721 60.9426 355.7988 239.6451 165.7614 0.0 101.5428 105.9486 119.672 133.0051 60.8847 41.9262 147.3226 126.112 156.943 191.7764 150.797 281.5223 258.5505 24.8626 165.8769 212.2008 122.8921 174.4697 94.272 25.0474 238.5554 365.9448 286.4651 76.1617 375.0517 133.2302 9.1747 60.1039 10.9524 37.8512 160.2424 107.2249 79.4926 276.8606 11.375 9.4699 20.4169 258.888 101.9147 285.2249 351.1315 25.7151 145.2954
42.3573 347.8607 315.7251 274.4506 51.9348 190.8067 92.3167 111.4388 330.381 281.6675 50.3579 175.7509 238.9932 154.9321 356.282 255.961 185.7884 390.4105 170.8803 126.2379 53.4338 192.1852 64.5306 361.0622 180.9761 220.631 101.5428 0.0 21.9884 76.1162 187.7378 83.3996 98.0979 189.4006 28.2222 163.9609 180.168 191.1229 295.4302 301.1314 95.5316 202.2113 241.7341 155.4544 110.5216 44.8449 76.5143 260.8427 342.0848 263.6315 42.9173 357.8024 185.4898 100.6714 110.3436 112.4914 66.7649 214.5007 155.2942 125.4957 304.9473 111.0391 92.3167 97.4718 223.7771 0.8035 273.5743 353.7923 75.8762 195.545
62.1061 327.107 296.9797 252.5882 55.3816 178.2769 97.3982 114.5354 308.9375 264.8511 66.1378 164.1846 225.2301 134.9119 335.3816 241.2066 170.4301 368.4399 158.9974 125.4543 50.5253 172.4619 57.0989 340.0482 160.1391 207.2526 105.9486 21.9884 0.0 54.8169 175.2198 74.3947 93.4258 174.5629 22.4424 144.853 159.026 175.9444 275.376 284.4998 104.9733 186.1088 223.9402 140.2906 89.4774 27.355 81.3972 241.928 320.0964 241.6786 61.1912 335.8625 172.5795 106.9633 102.223 116.6259 75.8134 201.1476 142.8686 114.7626 286.3273 116.4896 97.3982 97.6505 201.8192 21.2447 251.9103 332.633 80.6394 181.9509
110.5132 272.3753 244.6267 198.9639 80.271 141.6386 114.0309 123.9936 254.2654 216.2244 107.875 130.8259 184.0017 102.1784 280.5925 197.3484 126.8157 317.2505 125.1112 124.1328 66.1434 119.0603 58.8051 285.2356 120.8275 167.4135 119.672 76.1162 54.8169 0.0 138.7541 63.3986 88.1601 132.1245 68.3303 92.8926 104.2091 132.5946 221.2457 236.094 129.6326 140.195 173.7 98.6092 55.2593 35.032 100.881 189.4973 268.1229 188.8388 107.3783 282.7382 135.2126 124.6656 85.6854 128.1656 104.5111 161.5529 108.6448 88.5029 234.2132 131.021 114.0309 103.2867 151.5522 75.4514 197.5757 277.8212 100.0613 142.4112
196.3753 218.4326 158.2314 199.4049 147.9939 3.069 137.7009 125.0083 222.5951 109.0554 181.5453 14.6731 52.7102 210.624 229.1753 72.5932 30.2608 320.9396 17.6174 101.6128 137.8994 91.1806 124.2182 236.1555 211.4609 33.8662 133.0051 187.7378 175.2198 138.7541 0.0 105.2196 100.0793 24.5056 196.3789 78.988 118.5645 28.5362 160.1851 125.562 157.7762 42.3885 85.9786 42.1568 177.8954 148.2271 141.0236 114.8269 271.8091 200.6983 189.8286 273.4235 4.6369 142.1059 81.6887 130.1964 157.3997 27.9043 32.4575 63.0718 147.249 137.2342 137.7009 116.3639 193.7778 187.5224 187.0922 233.645 140.8334 13.3995
93.0584 289.0213 245.4632 233.709 45.1086 108.2747 57.9381 62.6868 279.4211 205.3349 80.5041 92.6565 157.3602 164.6096 298.5953 175.5684 107.7532 357.4359 88.0013 60.7556 32.9319 131.5491 19.0444 304.3772 180.289 138.6948 60.8847 83.3996 74.3947 63.3986 105.2196 0.0 24.7622 110.1359 96.7574 101.9864 133.0808 112.5288 232.5154 224.0878 77.6468 125.5404 169.2381 78.1943 118.4749 50.5638 50.0893 192.4999 307.0318 227.1774 86.9365 317.438 103.3687 67.897 27.8434 67.5123 62.0511 132.5851 73.0593 42.3171 234.3324 71.677 57.9381 41.8837 198.1611 83.2715 228.0786 298.7694 49.4553 114.1155
97.4403 298.7473 249.9809 250.1946 50.1507 102.9843 42.2874 40.6477 292.2288 206.0681 81.7566 86.023 152.7346 189.1425 308.6994 172.5132 109.5497 374.7272 82.4806 36.0104 44.6788 143.7343 36.6641 314.8264 204.1035 133.8972 41.9262 98.0979 93.4258 88.1601 100.0793 24.7622 0.0 110.3872 115.7881 115.0534 150.0853 113.4747 241.1397 223.9286 63.4627 127.9395 173.6508 82.7898 143.1996 72.6004 41.4069 199.0131 324.1828 244.8498 90.7004 333.1305 99.2883 50.4062 19.6282 46.0106 57.4067 127.981 70.4632 39.9645 238.7811 51.3513 42.2874 21.5109 218.5564 98.1462 243.299 309.9142 41.122 111.0075
203.1198 197.0171 140.7788 174.8994 154.8252 24.7208 150.7972 140.5548 199.2594 95.8091 189.6596 34.9106 51.8831 194.017 207.6218 66.6598 7.0251 296.6098 33.9501 118.6329 142.9832 67.3236 128.4585 214.4383 192.3547 36.2583 147.3226 189.4006 174.5629 132.1245 24.5056 110.1359 110.3872 0.0 194.5484 58.953 96.3598 4.1727 138.5438 114.1314 171.5958 19.4928 65.6664 34.3117 165.104 147.2094 151.7766 93.6291 247.3788 176.2882 196.8776 249.3226 20.6105 156.4968 90.9006 146.0097 167.4073 31.0106 40.2028 70.6815 129.6127 152.9449 150.7972 129.043 170.6932 189.0867 162.642 211.4155 151.4671 15.3136
69.6238 339.2294 312.9169 260.2305 75.4114 199.4227 117.2248 135.2466 318.8513 283.0431 78.5774 185.7223 245.6819 130.851 347.0849 261.0443 190.0946 372.5186 180.4426 147.3211 72.3771 187.3828 79.5358 351.4089 158.305 227.9427 126.112 28.2222 22.4424 68.3303 196.3789 96.7574 115.7881 194.5484 0.0 160.9666 170.7612 195.7058 289.2193 302.8168 122.5469 205.1608 241.2642 160.2399 89.3051 48.2013 101.1886 257.7834 325.214 248.2657 70.8788 342.3828 193.5816 126.286 124.5978 136.9503 93.4279 221.8653 164.171 136.6937 302.4607 136.2523 117.2248 119.1894 206.1285 27.5253 260.9401 343.5483 100.4753 202.6043
188.9011 187.6876 152.1587 136.5615 144.6515 80.5712 156.8599 154.1393 177.6385 124.6456 179.6989 81.4432 105.1895 135.9732 197.0201 112.7405 51.9331 261.4511 76.8406 138.6618 129.9012 29.6668 115.3564 202.6365 133.4053 93.4314 156.943 163.9609 144.853 92.8926 78.988 101.9864 115.0534 58.953 160.9666 0.0 41.4325 56.835 132.538 144.5372 177.7577 56.3638 81.1991 44.4051 111.8437 119.116 151.7097 97.0776 210.9375 133.2801 183.7936 218.4508 74.3512 165.4464 97.4464 159.7726 163.9538 89.0243 68.194 80.6279 141.5805 165.7903 156.8599 136.5497 117.3474 163.4406 128.5465 196.8335 151.1298 73.9835
211.353 168.4809 150.0336 100.6286 171.5622 119.7891 190.4185 190.3516 150.6215 137.3038 204.9771 122.3823 135.4702 110.7133 176.4839 137.6637 89.4869 224.7016 117.9889 177.0653 156.2391 33.9465 142.8485 181.0417 100.8578 127.3645 191.7764 180.168 159.026 104.2091 118.5645 133.0808 150.0853 96.3598 170.7612 41.4325 0.0 93.4115 120.0717 156.2206 210.6497 88.0035 93.6209 85.8207 101.0441 136.7834 183.0293 97.362 174.1899 94.7928 207.1302 184.4953 113.9677 199.7677 134.1849 195.8746 193.214 123.9705 109.5944 119.4016 140.9135 201.4307 190.4185 171.4411 75.9679 179.5252 95.8101 173.6306 182.3605 111.6705
205.5729 192.9814 137.2492 170.8945 157.3603 28.5999 154.1303 144.1678 195.0912 93.0161 192.3171 39.0734 51.72 192.3678 203.5716 65.3385 5.8047 292.49 38.0174 122.416 145.2999 63.8081 130.6936 210.3725 190.1272 37.169 150.797 191.1229 175.9444 132.5946 28.5362 112.5288 113.4747 4.1727 195.7058 56.835 93.4115 0.0 134.5 111.5704 174.9882 15.5022 61.8589 35.7033 164.3088 148.5921 154.8285 89.6579 243.2913 172.4156 199.3804 245.168 24.7326 159.9687 93.9301 149.6441 170.3426 32.3309 43.5828 73.6441 126.0701 156.5618 154.1303 132.3624 167.3863 190.7943 158.564 207.3081 154.5047 18.4856
321.4165 58.4912 43.0648 88.812 276.4769 158.8928 283.3404 276.253 69.1725 78.1326 311.7854 173.0389 131.5232 218.3893 69.0833 115.0941 136.269 177.7257 172.4933 255.9318 262.0258 103.4147 247.2979 75.9792 197.6763 140.3331 281.5223 295.4302 275.376 221.2457 160.1851 232.5154 241.1397 138.5438 289.2193 132.538 120.0717 134.5 0.0 83.9303 304.5312 119.0547 74.511 158.6412 219.859 250.7388 280.7934 45.425 136.2116 102.8979 316.2395 127.1666 157.6143 290.5533 221.8289 281.8675 294.3954 142.3732 176.1331 202.0416 41.3808 288.5748 283.3404 261.8471 136.7495 294.8642 72.0333 73.8532 280.3053 146.927
317.1401 125.7095 50.5784 168.1746 268.9208 123.009 263.034 250.5204 150.6795 19.9022 303.7894 140.2322 76.9194 266.6189 136.1912 55.1527 116.3759 259.8487 142.5327 226.8317 256.8048 125.1652 242.1277 143.7578 252.914 93.8798 258.5505 301.1314 284.4998 236.094 125.562 224.0878 223.9286 114.1314 302.8168 144.5372 156.2206 111.5704 83.9303 0.0 283.2891 99.0752 63.9723 146.4273 253.596 257.393 265.308 63.5438 220.0281 179.6613 310.9497 209.3921 125.3978 267.6611 204.6585 255.6517 281.2253 98.8884 153.4861 184.6216 44.7889 262.6952 263.034 241.5067 202.7565 300.7464 151.1376 146.4396 265.043 113.3792
67.652 362.2037 312.1634 311.2577 51.5078 160.4098 21.1919 34.5186 355.299 266.2658 50.1734 143.1306 209.08 230.3232 372.162 229.989 171.534 435.0826 140.7867 59.1998 63.7445 206.8039 71.978 378.2839 250.4535 190.6103 24.8626 95.5316 104.9733 129.6326 157.7762 77.6468 63.4627 171.5958 122.5469 177.7577 210.6497 174.9882 304.5312 283.2891 0.0 189.9314 236.1122 145.9885 182.6672 99.6596 28.9876 262.0641 384.6746 304.8215 61.6955 394.8259 157.9204 16.0499 82.7092 30.767 29.2152 185.0759 131.4134 102.6987 300.9698 24.6716 21.1919 42.8204 274.8483 96.0653 305.2522 373.3228 29.7812 169.9734
218.5389 177.5253 122.2347 158.5492 170.5886 41.7854 168.9865 159.4362 180.2766 79.938 205.7803 54.176 48.9075 192.0192 188.1347 57.646 18.4138 278.9381 53.4391 137.8566 158.0346 55.7944 143.2703 194.9617 187.3518 39.4276 165.8769 202.2113 186.1088 140.195 42.3885 125.5404 127.9395 19.4928 205.1608 56.3638 88.0035 15.5022 119.0547 99.0752 189.9314 0.0 46.463 47.4623 167.394 158.8504 169.1726 74.1577 230.1141 161.0819 212.4731 231.1493 39.162 175.0412 108.3278 164.9363 184.436 36.5502 58.6866 87.9863 111.0395 171.8315 168.9865 147.2114 159.5046 201.8427 145.5726 192.0061 168.8211 30.1477
261.569 132.513 76.4164 131.0684 214.3055 84.5483 215.0875 205.883 139.8191 44.3346 249.7416 99.2972 61.7346 204.3314 143.2994 52.1738 64.7016 243.7596 99.2945 184.274 201.0022 61.4427 186.1007 150.3554 192.8377 66.9009 212.2008 241.7341 223.9402 173.7 85.9786 169.2381 173.6508 65.6664 241.2642 81.1991 93.6209 61.8589 74.511 63.9723 236.1122 46.463 0.0 91.4501 189.6489 197.2679 214.6232 29.1098 197.1302 137.9082 255.7579 194.2819 83.6793 221.355 154.0262 211.3909 229.4851 68.3141 105.103 133.7203 65.2325 218.2779 215.0875 193.3259 149.7467 241.2887 115.6202 148.3005 214.2337 72.6322
171.1139 216.5965 167.8571 178.3007 123.2926 44.7033 124.8129 117.9701 212.8319 127.3935 158.6005 39.5118 85.7658 169.2103 226.7341 100.9178 30.3384 302.8087 34.1837 99.2246 110.5824 66.9574 95.8084 233.0605 171.8165 68.8127 122.8921 155.4544 140.2906 98.6092 42.1568 78.1943 82.7898 34.3117 160.2399 44.4051 85.8207 35.7033 158.6412 146.4273 145.9885 47.4623 91.4501 0.0 135.7419 112.9357 123.3509 116.2297 252.5313 176.4094 165.0881 258.0453 37.9933 131.9129 63.3021 123.6206 138.0449 62.9445 23.7956 43.4019 156.6796 130.2027 124.8129 103.2364 161.6484 155.1194 168.6348 228.6819 122.9368 43.8557
151.5512 263.2876 251.0691 175.7844 131.7197 180.4347 168.3788 179.1592 237.8393 233.9691 153.6903 173.1724 215.4055 47.6561 269.893 224.4917 158.6432 283.7336 167.4079 179.0716 118.9899 128.6052 113.5368 273.2823 70.6961 201.3386 174.4697 110.5216 89.4774 55.2593 177.8954 118.4749 143.1996 165.104 89.3051 111.8437 101.0441 164.3088 219.859 253.596 182.6672 167.394 189.6489 135.7419 0.0 83.3857 154.4598 197.8352 237.2063 162.3816 150.2441 255.6688 173.7152 179.0051 139.0278 183.23 155.8398 196.0756 151.9025 138.2763 241.846 185.8423 168.3788 158.5067 118.1192 109.7236 179.0461 264.4474 153.6309 178.1496
75.6433 303.6497 270.941 233.4093 48.3862 151.2757 87.0665 100.896 287.3778 237.7931 73.0293 137.5269 197.9426 130.9701 312.2387 213.8516 143.084 352.2586 132.2413 107.219 36.718 147.4175 36.3802 317.1719 152.7076 180.0309 94.272 44.8449 27.355 35.032 148.2271 50.5638 72.6004 147.2094 48.2013 119.116 136.7834 148.5921 250.7388 257.393 99.6596 158.8504 197.2679 112.9357 83.3857 0.0 72.1624 216.0221 303.0559 223.6256 72.3604 317.3594 145.4894 97.5144 78.114 104.0911 72.4543 173.9346 115.9795 88.7619 260.191 105.5224 87.0665 81.6172 186.5581 44.3276 231.4085 310.1427 71.3353 154.7116
61.283 337.8971 291.0205 283.6447 26.0156 143.8722 16.045 35.1333 329.3096 247.475 43.7465 126.7346 193.5085 202.0848 347.6436 213.5873 150.8137 407.0627 123.4947 53.7659 35.5728 181.1204 42.9917 353.5709 221.6999 174.7131 25.0474 76.5143 81.3972 100.881 141.0236 50.0893 41.4069 151.7766 101.1886 151.7097 183.0293 154.8285 280.7934 265.308 28.9876 169.1726 214.6232 123.3509 154.4598 72.1624 0.0 239.4502 356.7399 276.7809 54.4032 367.466 140.4408 25.7428 60.8988 35.9854 16.8588 168.8751 111.8652 81.2123 279.8256 35.1225 16.045 26.6236 246.0848 76.8791 278.1623 348.2164 0.8298 152.2506
283.5584 103.6186 55.1338 109.8801 237.2241 113.4936 240.9238 232.7479 111.3843 48.3836 272.711 127.8545 88.4003 205.854 114.3484 74.7331 91.8384 216.9182 127.5242 211.7652 223.3242 71.0272 208.4366 121.3453 190.4002 95.5384 238.5554 260.8427 241.928 189.4973 114.8269 192.4999 199.0131 93.6291 257.7834 97.0776 97.362 89.6579 45.425 63.5438 262.0641 74.1577 29.1098 116.2297 197.8352 216.0221 239.4502 0.0 171.5761 119.2489 278.0218 166.9602 112.3465 247.6631 179.4831 238.316 253.7467 97.2576 132.1029 159.3676 44.8134 245.1222 240.9238 219.251 139.2809 260.3405 93.4089 119.1908 239.0123 101.5384
378.6361 111.5625 174.0779 74.3859 343.3568 271.6211 364.5745 364.245 72.7366 213.6319 374.9545 281.1504 258.8343 208.0595 106.8225 246.3061 242.3886 50.5625 278.4791 349.5983 328.0165 185.6143 315.4971 102.6427 178.1248 262.5116 365.9448 342.0848 320.0964 268.1229 271.8091 307.0318 324.1828 247.3788 325.214 210.9375 174.1899 243.2913 136.2116 220.0281 384.6746 230.1141 197.1302 252.5313 237.2063 303.0559 356.7399 171.5761 0.0 80.0437 375.3778 27.0059 267.9808 373.9575 307.7444 369.811 366.0 262.6055 275.3778 291.5629 176.1302 375.4926 364.5745 345.5873 119.1651 341.3396 84.7607 92.7306 356.0468 260.2355
299.2673 117.5404 145.9121 16.8925 263.3414 200.9992 284.8534 285.1443 81.9208 167.2119 295.1483 208.2795 197.8287 141.2823 120.4112 190.0263 170.5134 130.2824 204.943 271.448 247.9959 110.6115 235.4544 121.3803 113.7119 197.4314 286.4651 263.6315 241.6786 188.8388 200.6983 227.1774 244.8498 176.2882 248.2657 133.2801 94.7928 172.4156 102.8979 179.6613 304.8215 161.0819 137.9082 176.4094 162.3816 223.6256 276.7809 119.2489 80.0437 0.0 295.8351 94.2202 196.5072 294.353 228.9084 290.6667 285.9564 196.2966 199.87 213.5148 142.7648 296.2005 284.8534 266.1657 47.2397 262.9032 31.2713 110.9913 276.0825 190.4049
6.8929 371.2218 331.7065 305.2697 42.0727 192.8122 66.8654 87.4195 357.5174 292.2618 11.6292 176.1956 242.5079 196.0929 380.2927 261.5518 194.6696 424.6189 172.2387 108.1016 54.7741 213.2761 69.6849 385.6132 220.9303 223.6788 76.1617 42.9173 61.1912 107.3783 189.8286 86.9365 90.7004 196.8776 70.8788 183.7936 207.1302 199.3804 316.2395 310.9497 61.6955 212.4731 255.7579 165.0881 150.2441 72.3604 54.4032 278.0218 375.3778 295.8351 0.0 389.3621 188.5577 71.9074 108.1663 86.4695 38.5035 217.6555 158.6244 127.1827 320.6319 82.7808 66.8654 80.7133 258.7935 43.6759 302.5833 379.1459 54.1618 199.8423
392.9783 92.5655 161.1168 84.212 355.6465 272.9335 374.3255 372.5789 58.719 205.285 388.2302 283.8175 255.313 229.55 86.0849 240.9628 244.9027 50.5729 281.6478 356.5405 340.2876 191.3343 327.2043 80.8492 200.0025 260.8842 375.0517 357.8024 335.8625 282.7382 273.4235 317.438 333.1305 249.3226 342.3828 218.4508 184.4953 245.168 127.1666 209.3921 394.8259 231.1493 194.2819 258.0453 255.6688 317.3594 367.466 166.9602 27.0059 94.2202 389.3621 0.0 269.8742 383.3488 315.8867 378.2055 377.649 261.6082 280.1165 298.7122 164.7153 384.157 374.3255 354.635 137.8731 357.0775 89.9042 72.0042 366.8057 261.2266
195.0528 215.9608 156.796 195.3977 146.6189 6.7269 137.6416 125.5273 219.4335 108.4643 180.4747 15.7154 54.0476 206.1497 226.6633 73.2349 25.9955 317.2188 17.1362 102.4738 136.1731 86.795 122.3047 233.5926 206.8579 35.3267 133.2302 185.4898 172.5795 135.2126 4.6369 103.3687 99.2883 20.6105 193.5816 74.3512 113.9677 24.7326 157.6143 125.3978 157.9204 39.162 83.6793 37.9933 173.7152 145.4894 140.4408 112.3465 267.9808 196.5072 188.5577 269.8742 0.0 142.3649 80.5751 130.7942 156.6855 29.2234 30.32 61.4831 145.7545 137.8173 137.6416 116.1597 189.2352 185.2576 183.2379 230.9092 140.2244 12.0757
78.3766 348.4504 297.2142 300.1705 51.6417 144.7035 10.6376 18.5569 342.5961 250.7927 60.3064 127.4429 193.2002 226.5155 358.5126 214.181 156.6821 424.4606 125.246 43.1766 60.7972 194.1219 65.9005 364.7365 245.1511 174.7808 9.1747 100.6714 106.9633 124.6656 142.1059 67.897 50.4062 156.4968 126.286 165.4464 199.7677 159.9687 290.5533 267.6611 16.0499 175.0412 221.355 131.9129 179.0051 97.5144 25.7428 247.6631 373.9575 294.353 71.9074 383.3488 142.3649 0.0 68.9594 15.4186 34.723 169.2877 116.3947 88.5117 286.0305 10.8856 10.6376 28.9808 266.0557 101.106 293.5717 360.0088 26.5406 154.4329
114.7512 279.5819 230.3527 233.517 66.4967 84.6601 61.5235 56.6934 273.8632 186.6579 99.9021 68.0615 134.3929 183.177 289.6016 153.7721 89.9463 358.3063 64.0843 44.0461 57.801 125.5512 45.9254 295.7971 195.5964 115.5525 60.1039 110.3436 102.223 85.6854 81.6887 27.8434 19.6282 90.9006 124.5978 97.4464 134.1849 93.9301 221.8289 204.6585 82.7092 108.3278 154.0262 63.3021 139.0278 78.114 60.8988 179.4831 307.7444 228.9084 108.1663 315.8867 80.5751 68.9594 0.0 62.3268 76.5709 109.5549 51.1929 20.3426 219.1529 68.4154 61.5235 40.0644 204.9073 110.273 225.9843 291.0507 60.5759 92.1024
93.0685 340.0563 286.7467 295.678 61.5422 132.6719 20.3318 5.6676 335.8121 239.2105 74.9502 115.5345 180.4538 230.3407 350.2735 201.6742 146.7295 420.3705 113.7923 29.2207 67.8734 187.743 69.819 356.652 247.4277 162.2557 10.9524 112.4914 116.6259 128.1656 130.1964 67.5123 46.0106 146.0097 136.9503 159.7726 195.8746 149.6441 281.8675 255.6517 30.767 164.9363 211.3909 123.6206 183.23 104.0911 35.9854 238.316 369.811 290.6667 86.4695 378.2055 130.7942 15.4186 62.3268 0.0 48.4313 156.9204 106.3168 80.5333 275.5962 7.0444 20.3318 25.6365 264.4742 112.8611 288.3053 352.2915 36.6424 142.8621
45.293 351.0561 305.8987 293.5647 24.2851 160.2772 28.4545 49.0084 341.1292 263.202 27.3641 143.2053 209.9788 203.4139 360.6451 229.8976 166.1537 416.1082 139.8267 69.826 38.7658 193.5586 50.5119 366.426 224.7676 191.1607 37.8512 66.7649 75.8134 104.5111 157.3997 62.0511 57.4067 167.4073 93.4279 163.9538 193.214 170.3426 294.3954 281.2253 29.2152 184.436 229.4851 138.0449 155.8398 72.4543 16.8588 253.7467 366.0 285.9564 38.5035 377.649 156.6855 34.723 76.5709 48.4313 0.0 185.2846 127.7432 96.7262 294.7176 45.5161 28.4545 43.4353 253.3137 67.2601 288.8424 360.7787 16.8629 168.4138
224.1787 199.5814 135.0337 192.6861 175.7653 25.0076 165.2297 151.867 208.0376 83.5021 209.4341 42.1891 24.8559 224.6964 210.4854 44.9257 37.7053 310.4636 45.5179 127.9943 165.3964 92.3054 151.5066 217.7122 222.0591 6.1305 160.2424 214.5007 201.1476 161.5529 27.9043 132.5851 127.981 31.0106 221.8653 89.0243 123.9705 32.3309 142.3732 98.8884 185.0759 36.5502 68.3141 62.9445 196.0756 173.9346 168.8751 97.2576 262.6055 196.2966 217.6555 261.6082 29.2234 169.2877 109.5549 156.9204 185.2846 0.0 59.527 90.6807 124.3659 163.9643 165.2297 144.0296 196.0545 214.2548 178.8234 216.2189 168.6935 19.2908
165.0567 234.5403 180.8198 201.3137 116.6032 35.5262 110.5946 100.7912 233.3354 135.6279 150.822 22.1972 84.3078 188.542 244.9355 102.9276 40.4151 325.5124 16.5487 79.7987 105.8954 89.8232 91.985 251.515 193.1774 65.6399 107.2249 155.2942 142.8686 108.6448 32.4575 73.0593 70.4632 40.2028 164.171 68.194 109.5944 43.5828 176.1331 153.4861 131.4134 58.6866 105.103 23.7956 151.9025 115.9795 111.8652 132.1029 275.3778 199.87 158.6244 280.1165 30.32 116.3947 51.1929 106.3168 127.7432 59.527 0.0 31.4479 169.6358 113.1845 110.5946 88.8408 185.3645 155.0748 191.1272 247.7544 111.5852 41.2306
133.63 259.9785 210.0248 217.1893 85.1788 66.1109 81.5578 74.8674 255.3224 166.4831 119.4028 50.3416 115.5253 179.7814 270.0867 134.3704 69.6091 342.079 45.722 58.0359 74.8369 107.5984 61.3613 276.3721 189.2305 96.7565 79.4926 125.4957 114.7626 88.5029 63.0718 42.3171 39.9645 70.6815 136.6937 80.6279 119.4016 73.6441 202.0416 184.6216 102.6987 87.9863 133.7203 43.4019 138.2763 88.7619 81.2123 159.3676 291.5629 213.5148 127.1827 298.7122 61.4831 88.5117 20.3426 80.5333 96.7262 90.6807 31.4479 0.0 198.8246 86.9952 81.5578 59.8961 192.438 125.333 208.866 271.8483 80.8764 72.6599
326.3482 82.0588 11.2005 129.4903 279.3499 145.2908 280.0209 270.1579 105.9973 45.4117 314.8164 161.4441 107.6789 247.0867 92.8073 87.7783 129.4439 215.1223 162.2792 247.9024 265.8578 115.8292 250.947 100.391 229.3238 120.8021 276.8606 304.9473 286.3273 234.2132 147.249 234.3324 238.7811 129.6127 302.4607 141.5805 140.9135 126.0701 41.3808 44.7889 300.9698 111.0395 65.2325 156.6796 241.846 260.191 279.8256 44.8134 176.1302 142.7648 320.6319 164.7153 145.7545 286.0305 219.1529 275.5962 294.7176 124.3659 169.6358 198.8246 0.0 282.5445 280.0209 258.2464 172.5011 304.4628 112.5107 102.2552 279.4418 133.9509
89.2297 346.72 293.6992 301.4407 61.1196 139.7132 19.0921 12.3954 342.1528 246.242 71.1736 122.5709 187.4863 233.1557 356.9104 208.7148 153.5995 426.0434 120.8053 36.2097 68.9318 193.9513 72.3115 363.2612 250.889 169.297 11.375 111.0391 116.4896 131.021 137.2342 71.677 51.3513 152.9449 136.2523 165.7903 201.4307 156.5618 288.5748 262.6952 24.6716 171.8315 218.2779 130.2027 185.8423 105.5224 35.1225 245.1222 375.4926 296.2005 82.7808 384.157 137.8173 10.8856 68.4154 7.0444 45.5161 163.9643 113.1845 86.9952 282.5445 0.0 19.0921 30.2318 269.3464 111.4521 294.2723 358.8299 35.8653 149.8867
73.5886 341.0161 291.218 290.9434 42.0279 140.4047 0.0 20.5603 334.3068 245.7868 55.5132 123.1173 189.4809 215.8817 350.9817 210.1508 150.5778 415.0426 120.512 42.7478 50.3569 185.7965 55.2765 357.1138 234.5443 170.8714 9.4699 92.3167 97.3982 114.0309 137.7009 57.9381 42.2874 150.7972 117.2248 156.8599 190.4185 154.1303 283.3404 263.034 21.1919 168.9865 215.0875 124.8129 168.3788 87.0665 16.045 240.9238 364.5745 284.8534 66.8654 374.3255 137.6416 10.6376 61.5235 20.3318 28.4545 165.2297 110.5946 81.5578 280.0209 19.0921 0.0 21.7752 255.9913 92.7044 284.6444 352.1859 16.7785 149.6557
87.6062 319.6424 269.4434 271.6487 45.7054 119.1167 21.7752 20.8747 313.6184 224.1447 70.3002 101.8522 168.4422 205.3584 329.6659 188.9152 128.803 396.1225 99.0531 28.8359 47.2063 165.1534 45.9082 335.8571 221.9619 149.7466 20.4169 97.4718 97.6505 103.2867 116.3639 41.8837 21.5109 129.043 119.1894 136.5497 171.4411 132.3624 261.8471 241.5067 42.8204 147.2114 193.3259 103.2364 158.5067 81.6172 26.6236 219.251 345.5873 266.1657 80.7133 354.635 116.1597 28.9808 40.0644 25.6365 43.4353 144.0296 88.8408 59.8961 258.2464 30.2318 21.7752 0.0 239.1294 97.6941 264.8084 331.0724 26.7317 128.138
261.5867 162.0941 177.9685 63.2226 229.7362 194.7886 255.9913 259.1912 128.6384 187.1017 259.3717 198.2574 203.4005 94.0553 166.0118 200.5619 164.0468 166.6643 193.9338 248.7794 214.6385 103.8853 203.4626 167.5673 66.7149 198.5904 258.888 223.7771 201.8192 151.5522 193.7778 198.1611 218.5564 170.6932 206.1285 117.3474 75.9679 167.3863 136.7495 202.7565 274.8483 159.5046 149.7467 161.6484 118.1192 186.5581 246.0848 139.2809 119.1651 47.2397 258.7935 137.8731 189.2352 266.0557 204.9073 264.4742 253.3137 196.0545 185.3645 192.438 172.5011 269.3464 255.9913 239.1294 0.0 223.0174 72.7791 157.431 245.3315 185.8628
43.1484 347.2503 315.2343 273.7396 52.2018 190.5914 92.7044 111.7727 329.7167 281.2726 51.0523 175.5719 238.7328 154.1287 355.6613 255.6591 185.451 389.6536 170.6872 126.4455 53.4721 191.6339 64.4316 360.4331 180.1749 220.3849 101.9147 0.8035 21.2447 75.4514 187.5224 83.2715 98.1462 189.0867 27.5253 163.4406 179.5252 190.7943 294.8642 300.7464 96.0653 201.8427 241.2887 155.1194 109.7236 44.3276 76.8791 260.3405 341.3396 262.9032 43.6759 357.0775 185.2576 101.106 110.273 112.8611 67.2601 214.2548 155.0748 125.333 304.4628 111.4521 92.7044 97.6941 223.0174 0.0 272.888 353.1521 76.2361 195.2858
306.6023 89.3483 115.0981 17.0688 267.3655 186.949 284.6444 282.6772 58.8115 140.1297 300.709 196.4021 177.0742 164.5037 93.6986 166.8591 157.628 134.4648 193.7834 266.7584 252.0472 101.7233 238.5806 95.8586 138.9523 179.1262 285.2249 273.5743 251.9103 197.5757 187.0922 228.0786 243.299 162.642 260.9401 128.5465 95.8101 158.564 72.0333 151.1376 305.2522 145.5726 115.6202 168.6348 179.0461 231.4085 278.1623 93.4089 84.7607 31.2713 302.5833 89.9042 183.2379 293.5717 225.9843 288.3053 288.8424 178.8234 191.1272 208.866 112.5107 294.2723 284.6444 264.8084 72.7791 272.888 0.0 86.2505 277.5188 175.645
383.7803 21.5935 96.0222 94.364 341.2052 232.4558 352.1859 346.6361 29.2416 146.7047 375.8931 246.1685 204.6003 250.5023 14.1542 186.962 208.6238 119.0101 245.307 327.3324 326.2332 167.2222 311.9185 10.9268 224.1346 214.1035 351.1315 353.7923 332.633 277.8212 233.645 298.7694 309.9142 211.4155 343.5483 196.8335 173.6306 207.3081 73.8532 146.4396 373.3228 192.0061 148.3005 228.6819 264.4474 310.1427 348.2164 119.1908 92.7306 110.9913 379.1459 72.0042 230.9092 360.0088 291.0507 352.2915 360.7787 216.2189 247.7544 271.8483 102.2552 358.8299 352.1859 331.0724 157.431 353.1521 86.2505 0.0 347.6658 220.4714
61.0468 337.3817 290.6357 282.9721 25.2592 143.6884 16.7785 35.7035 328.7193 247.1831 43.5834 126.5649 193.3416 201.2563 347.1187 213.3868 150.4691 406.3637 123.2941 54.0739 34.7431 180.5544 42.2029 353.0373 220.8814 174.5403 25.7151 75.8762 80.6394 100.0613 140.8334 49.4553 41.122 151.4671 100.4753 151.1298 182.3605 154.5047 280.3053 265.043 29.7812 168.8211 214.2337 122.9368 153.6309 71.3353 0.8298 239.0123 356.0468 276.0825 54.1618 366.8057 140.2244 26.5406 60.5759 36.6424 16.8629 168.6935 111.5852 80.8764 279.4418 35.8653 16.7785 26.7317 245.3315 76.2361 277.5188 347.6658 0.0 152.0202
206.2847 205.1205 144.9588 188.4096 157.8314 11.9882 149.6557 137.6005 209.8205 96.3887 191.9392 27.5533 43.449 208.404 215.879 61.7184 22.2608 309.0851 29.1895 114.4959 147.015 82.2797 132.933 222.8819 207.3657 25.3404 145.2954 195.545 181.9509 142.4112 13.3995 114.1155 111.0075 15.3136 202.6043 73.9835 111.6705 18.4856 146.927 113.3792 169.9734 30.1477 72.6322 43.8557 178.1496 154.7116 152.2506 101.5384 260.2355 190.4049 199.8423 261.2266 12.0757 154.4329 92.1024 142.8621 168.4138 19.2908 41.2306 72.6599 133.9509 149.8867 149.6557 128.138 185.8628 195.2858 175.645 220.4714 152.0202 0.0
];

